obs,lat,lon,altitude,time,air_temp,dew_point,rel_hum,air_press,gpt,gpt_height,wind_speed,wind_dir
1,36.1476671,-97.2857261,291.89,1747704744.00,NaN,NaN,NaN,NaN,NaN,NaN,NaN,NaN
2,36.1476671,-97.2857262,291.88,1747704745.00,NaN,NaN,NaN,NaN,NaN,NaN,NaN,NaN
3,36.1476670,-97.2857263,291.89,1747704746.00,NaN,NaN,NaN,NaN,NaN,NaN,NaN,NaN
4,36.1476671,-97.2857263,291.90,1747704747.00,NaN,NaN,NaN,NaN,NaN,NaN,NaN,NaN
5,36.1476671,-97.2857265,291.93,1747704748.00,NaN,NaN,NaN,NaN,NaN,NaN,NaN,NaN
6,36.1476671,-97.2857266,291.94,1747704749.00,NaN,NaN,NaN,NaN,NaN,NaN,NaN,NaN
7,36.1476672,-97.2857267,291.90,1747704750.00,NaN,NaN,NaN,NaN,NaN,NaN,NaN,NaN
8,36.1476671,-97.2857268,291.98,1747704751.00,NaN,NaN,NaN,NaN,NaN,NaN,NaN,NaN
9,36.1476677,-97.2857268,292.43,1747704752.00,NaN,NaN,NaN,NaN,NaN,NaN,NaN,NaN
10,36.1476674,-97.2857269,293.09,1747704753.00,NaN,NaN,NaN,NaN,NaN,NaN,NaN,NaN
11,36.1476682,-97.2857272,293.61,1747704754.00,NaN,NaN,NaN,NaN,NaN,NaN,NaN,NaN
12,36.1476679,-97.2857273,294.23,1747704755.00,NaN,NaN,NaN,NaN,NaN,NaN,NaN,NaN
13,36.1476685,-97.2857269,294.93,1747704756.00,NaN,NaN,NaN,NaN,NaN,NaN,NaN,NaN
14,36.1476682,-97.2857268,295.56,1747704757.00,NaN,NaN,NaN,NaN,NaN,NaN,NaN,NaN
15,36.1476670,-97.2857259,295.86,1747704758.00,NaN,NaN,NaN,NaN,NaN,NaN,NaN,NaN
16,36.1476675,-97.2857251,296.47,1747704759.00,NaN,NaN,NaN,NaN,NaN,NaN,NaN,NaN
17,36.1476680,-97.2857256,296.98,1747704760.00,NaN,NaN,NaN,NaN,NaN,NaN,NaN,NaN
18,36.1476678,-97.2857265,297.75,1747704761.00,NaN,NaN,NaN,NaN,NaN,NaN,NaN,NaN
19,36.1476669,-97.2857264,298.83,1747704762.00,NaN,NaN,NaN,NaN,NaN,NaN,NaN,NaN
20,36.1476668,-97.2857259,299.74,1747704763.00,NaN,NaN,NaN,NaN,NaN,NaN,NaN,NaN
21,36.1476674,-97.2857252,300.47,1747704764.00,NaN,NaN,NaN,NaN,NaN,NaN,NaN,NaN
22,36.1476676,-97.2857252,300.87,1747704765.00,NaN,NaN,NaN,NaN,NaN,NaN,NaN,NaN
23,36.1476680,-97.2857255,301.57,1747704766.00,NaN,NaN,NaN,NaN,NaN,NaN,NaN,NaN
24,36.1476682,-97.2857253,303.27,1747704767.00,NaN,NaN,NaN,NaN,NaN,NaN,NaN,NaN
25,36.1476677,-97.2857254,305.83,1747704768.00,NaN,NaN,NaN,NaN,NaN,NaN,NaN,NaN
26,36.1476682,-97.2857259,308.95,1747704769.00,NaN,NaN,NaN,NaN,NaN,NaN,NaN,NaN
27,36.1476687,-97.2857252,311.94,1747704770.00,NaN,NaN,NaN,NaN,NaN,NaN,NaN,NaN
28,36.1476683,-97.2857260,314.91,1747704771.00,NaN,NaN,NaN,NaN,NaN,NaN,NaN,NaN
29,36.1476681,-97.2857259,317.99,1747704772.00,NaN,NaN,NaN,NaN,NaN,NaN,NaN,NaN
30,36.1476678,-97.2857265,321.06,1747704773.00,NaN,NaN,NaN,NaN,NaN,NaN,NaN,NaN
31,36.1476676,-97.2857264,324.13,1747704774.00,NaN,NaN,NaN,NaN,NaN,NaN,NaN,NaN
32,36.1476681,-97.2857247,327.11,1747704775.00,NaN,NaN,NaN,NaN,NaN,NaN,NaN,NaN
33,36.1476680,-97.2857248,330.01,1747704776.00,NaN,NaN,NaN,NaN,NaN,NaN,NaN,NaN
34,36.1476680,-97.2857256,332.81,1747704777.00,NaN,NaN,NaN,NaN,NaN,NaN,NaN,NaN
35,36.1476684,-97.2857260,335.81,1747704778.00,NaN,NaN,NaN,NaN,NaN,NaN,NaN,NaN
36,36.1476685,-97.2857257,338.84,1747704779.00,NaN,NaN,NaN,NaN,NaN,NaN,NaN,NaN
37,36.1476685,-97.2857253,341.83,1747704780.00,NaN,NaN,NaN,NaN,NaN,NaN,NaN,NaN
38,36.1476681,-97.2857246,344.77,1747704781.00,NaN,NaN,NaN,NaN,NaN,NaN,NaN,NaN
39,36.1476676,-97.2857252,347.74,1747704782.00,NaN,NaN,NaN,NaN,NaN,NaN,NaN,NaN
40,36.1476676,-97.2857252,350.66,1747704783.00,NaN,NaN,NaN,NaN,NaN,NaN,NaN,NaN
41,36.1476679,-97.2857247,353.61,1747704784.00,NaN,NaN,NaN,NaN,NaN,NaN,NaN,NaN
42,36.1476683,-97.2857257,356.49,1747704785.00,NaN,NaN,NaN,NaN,NaN,NaN,NaN,NaN
43,36.1476680,-97.2857260,359.32,1747704786.00,NaN,NaN,NaN,NaN,NaN,NaN,NaN,NaN
44,36.1476672,-97.2857259,362.17,1747704787.00,NaN,NaN,NaN,NaN,NaN,NaN,NaN,NaN
45,36.1476669,-97.2857256,365.08,1747704788.00,NaN,NaN,NaN,NaN,NaN,NaN,NaN,NaN
46,36.1476676,-97.2857248,367.94,1747704789.00,NaN,NaN,NaN,NaN,NaN,NaN,NaN,NaN
47,36.1476682,-97.2857246,370.83,1747704790.00,NaN,NaN,NaN,NaN,NaN,NaN,NaN,NaN
48,36.1476686,-97.2857239,373.68,1747704791.00,NaN,NaN,NaN,NaN,NaN,NaN,NaN,NaN
49,36.1476688,-97.2857245,376.64,1747704792.00,NaN,NaN,NaN,NaN,NaN,NaN,NaN,NaN
50,36.1476683,-97.2857249,379.52,1747704793.00,NaN,NaN,NaN,NaN,NaN,NaN,NaN,NaN
51,36.1476680,-97.2857255,382.48,1747704794.00,NaN,NaN,NaN,NaN,NaN,NaN,NaN,NaN
52,36.1476677,-97.2857260,385.47,1747704795.00,NaN,NaN,NaN,NaN,NaN,NaN,NaN,NaN
53,36.1476677,-97.2857259,388.48,1747704796.00,NaN,NaN,NaN,NaN,NaN,NaN,NaN,NaN
54,36.1476674,-97.2857259,391.47,1747704797.00,NaN,NaN,NaN,NaN,NaN,NaN,NaN,NaN
55,36.1476674,-97.2857260,394.50,1747704798.00,NaN,NaN,NaN,NaN,NaN,NaN,NaN,NaN
56,36.1476675,-97.2857259,397.52,1747704799.00,NaN,NaN,NaN,NaN,NaN,NaN,NaN,NaN
57,36.1476676,-97.2857256,400.52,1747704800.00,NaN,NaN,NaN,NaN,NaN,NaN,NaN,NaN
58,36.1476680,-97.2857245,403.51,1747704801.00,NaN,NaN,NaN,NaN,NaN,NaN,NaN,NaN
59,36.1476683,-97.2857244,406.40,1747704802.00,NaN,NaN,NaN,NaN,NaN,NaN,NaN,NaN
60,36.1476680,-97.2857247,408.40,1747704803.00,NaN,NaN,NaN,NaN,NaN,NaN,NaN,NaN
61,36.1476672,-97.2857262,409.33,1747704804.00,NaN,NaN,NaN,NaN,NaN,NaN,NaN,NaN
62,36.1476676,-97.2857260,409.53,1747704805.00,NaN,NaN,NaN,NaN,NaN,NaN,NaN,NaN
63,36.1476679,-97.2857260,409.38,1747704806.00,NaN,NaN,NaN,NaN,NaN,NaN,NaN,NaN
64,36.1476676,-97.2857259,409.09,1747704807.00,NaN,NaN,NaN,NaN,NaN,NaN,NaN,NaN
65,36.1476674,-97.2857256,408.80,1747704808.00,NaN,NaN,NaN,NaN,NaN,NaN,NaN,NaN
66,36.1476676,-97.2857256,408.59,1747704809.00,NaN,NaN,NaN,NaN,NaN,NaN,NaN,NaN
67,36.1476674,-97.2857258,408.37,1747704810.00,NaN,NaN,NaN,NaN,NaN,NaN,NaN,NaN
68,36.1476676,-97.2857257,408.23,1747704811.00,NaN,NaN,NaN,NaN,NaN,NaN,NaN,NaN
69,36.1476678,-97.2857257,408.17,1747704812.00,NaN,NaN,NaN,NaN,NaN,NaN,NaN,NaN
70,36.1476676,-97.2857257,408.11,1747704813.00,NaN,NaN,NaN,NaN,NaN,NaN,NaN,NaN
71,36.1476677,-97.2857257,408.10,1747704814.00,NaN,NaN,NaN,NaN,NaN,NaN,NaN,NaN
72,36.1476680,-97.2857256,408.07,1747704815.00,NaN,NaN,NaN,NaN,NaN,NaN,NaN,NaN
73,36.1476679,-97.2857256,408.01,1747704816.00,NaN,NaN,NaN,NaN,NaN,NaN,NaN,NaN
74,36.1476675,-97.2857253,407.53,1747704817.00,NaN,NaN,NaN,NaN,NaN,NaN,NaN,NaN
75,36.1476676,-97.2857256,406.35,1747704818.00,NaN,NaN,NaN,NaN,NaN,NaN,NaN,NaN
76,36.1476675,-97.2857253,405.13,1747704819.00,NaN,NaN,NaN,NaN,NaN,NaN,NaN,NaN
77,36.1476672,-97.2857259,403.89,1747704820.00,NaN,NaN,NaN,NaN,NaN,NaN,NaN,NaN
78,36.1476668,-97.2857253,402.60,1747704821.00,NaN,NaN,NaN,NaN,NaN,NaN,NaN,NaN
79,36.1476667,-97.2857254,401.24,1747704822.00,NaN,NaN,NaN,NaN,NaN,NaN,NaN,NaN
80,36.1476673,-97.2857261,399.79,1747704823.00,NaN,NaN,NaN,NaN,NaN,NaN,NaN,NaN
81,36.1476672,-97.2857264,398.30,1747704824.00,NaN,NaN,NaN,NaN,NaN,NaN,NaN,NaN
82,36.1476673,-97.2857257,396.93,1747704825.00,NaN,NaN,NaN,NaN,NaN,NaN,NaN,NaN
83,36.1476676,-97.2857256,395.60,1747704826.00,NaN,NaN,NaN,NaN,NaN,NaN,NaN,NaN
84,36.1476677,-97.2857258,394.26,1747704827.00,NaN,NaN,NaN,NaN,NaN,NaN,NaN,NaN
85,36.1476676,-97.2857255,392.73,1747704828.00,NaN,NaN,NaN,NaN,NaN,NaN,NaN,NaN
86,36.1476678,-97.2857256,391.18,1747704829.00,NaN,NaN,NaN,NaN,NaN,NaN,NaN,NaN
87,36.1476680,-97.2857253,389.69,1747704830.00,NaN,NaN,NaN,NaN,NaN,NaN,NaN,NaN
88,36.1476685,-97.2857250,388.25,1747704831.00,NaN,NaN,NaN,NaN,NaN,NaN,NaN,NaN
89,36.1476687,-97.2857248,386.88,1747704832.00,NaN,NaN,NaN,NaN,NaN,NaN,NaN,NaN
90,36.1476689,-97.2857243,385.27,1747704833.00,NaN,NaN,NaN,NaN,NaN,NaN,NaN,NaN
91,36.1476687,-97.2857249,383.65,1747704834.00,NaN,NaN,NaN,NaN,NaN,NaN,NaN,NaN
92,36.1476681,-97.2857244,382.04,1747704835.00,NaN,NaN,NaN,NaN,NaN,NaN,NaN,NaN
93,36.1476683,-97.2857241,380.43,1747704836.00,NaN,NaN,NaN,NaN,NaN,NaN,NaN,NaN
94,36.1476683,-97.2857246,378.77,1747704837.00,NaN,NaN,NaN,NaN,NaN,NaN,NaN,NaN
95,36.1476680,-97.2857253,377.22,1747704838.00,NaN,NaN,NaN,NaN,NaN,NaN,NaN,NaN
96,36.1476678,-97.2857256,375.69,1747704839.00,NaN,NaN,NaN,NaN,NaN,NaN,NaN,NaN
97,36.1476682,-97.2857254,374.23,1747704840.00,NaN,NaN,NaN,NaN,NaN,NaN,NaN,NaN
98,36.1476684,-97.2857252,372.73,1747704841.00,NaN,NaN,NaN,NaN,NaN,NaN,NaN,NaN
99,36.1476680,-97.2857250,371.19,1747704842.00,NaN,NaN,NaN,NaN,NaN,NaN,NaN,NaN
100,36.1476679,-97.2857249,369.58,1747704843.00,NaN,NaN,NaN,NaN,NaN,NaN,NaN,NaN
101,36.1476678,-97.2857252,367.94,1747704844.00,NaN,NaN,NaN,NaN,NaN,NaN,NaN,NaN
102,36.1476680,-97.2857251,366.44,1747704845.00,NaN,NaN,NaN,NaN,NaN,NaN,NaN,NaN
103,36.1476680,-97.2857248,364.88,1747704846.00,NaN,NaN,NaN,NaN,NaN,NaN,NaN,NaN
104,36.1476684,-97.2857247,363.40,1747704847.00,NaN,NaN,NaN,NaN,NaN,NaN,NaN,NaN
105,36.1476685,-97.2857247,361.86,1747704848.00,NaN,NaN,NaN,NaN,NaN,NaN,NaN,NaN
106,36.1476685,-97.2857248,360.27,1747704849.00,NaN,NaN,NaN,NaN,NaN,NaN,NaN,NaN
107,36.1476680,-97.2857249,358.65,1747704850.00,NaN,NaN,NaN,NaN,NaN,NaN,NaN,NaN
108,36.1476675,-97.2857253,357.05,1747704851.00,NaN,NaN,NaN,NaN,NaN,NaN,NaN,NaN
109,36.1476677,-97.2857258,355.64,1747704852.00,NaN,NaN,NaN,NaN,NaN,NaN,NaN,NaN
110,36.1476679,-97.2857254,354.25,1747704853.00,NaN,NaN,NaN,NaN,NaN,NaN,NaN,NaN
111,36.1476678,-97.2857253,352.81,1747704854.00,NaN,NaN,NaN,NaN,NaN,NaN,NaN,NaN
112,36.1476674,-97.2857252,351.35,1747704855.00,NaN,NaN,NaN,NaN,NaN,NaN,NaN,NaN
113,36.1476674,-97.2857255,349.77,1747704856.00,NaN,NaN,NaN,NaN,NaN,NaN,NaN,NaN
114,36.1476675,-97.2857255,348.48,1747704857.00,NaN,NaN,NaN,NaN,NaN,NaN,NaN,NaN
115,36.1476675,-97.2857256,347.00,1747704858.00,NaN,NaN,NaN,NaN,NaN,NaN,NaN,NaN
116,36.1476680,-97.2857249,345.41,1747704859.00,NaN,NaN,NaN,NaN,NaN,NaN,NaN,NaN
117,36.1476687,-97.2857249,343.92,1747704860.00,NaN,NaN,NaN,NaN,NaN,NaN,NaN,NaN
118,36.1476692,-97.2857257,342.42,1747704861.00,NaN,NaN,NaN,NaN,NaN,NaN,NaN,NaN
119,36.1476687,-97.2857255,340.98,1747704862.00,NaN,NaN,NaN,NaN,NaN,NaN,NaN,NaN
120,36.1476677,-97.2857257,339.38,1747704863.00,NaN,NaN,NaN,NaN,NaN,NaN,NaN,NaN
121,36.1476684,-97.2857248,337.89,1747704864.00,NaN,NaN,NaN,NaN,NaN,NaN,NaN,NaN
122,36.1476689,-97.2857247,336.46,1747704865.00,NaN,NaN,NaN,NaN,NaN,NaN,NaN,NaN
123,36.1476683,-97.2857247,334.95,1747704866.00,NaN,NaN,NaN,NaN,NaN,NaN,NaN,NaN
124,36.1476683,-97.2857248,333.34,1747704867.00,NaN,NaN,NaN,NaN,NaN,NaN,NaN,NaN
125,36.1476684,-97.2857249,331.99,1747704868.00,NaN,NaN,NaN,NaN,NaN,NaN,NaN,NaN
126,36.1476679,-97.2857252,330.52,1747704869.00,NaN,NaN,NaN,NaN,NaN,NaN,NaN,NaN
127,36.1476679,-97.2857252,329.13,1747704870.00,NaN,NaN,NaN,NaN,NaN,NaN,NaN,NaN
128,36.1476665,-97.2857253,327.58,1747704871.00,NaN,NaN,NaN,NaN,NaN,NaN,NaN,NaN
129,36.1476661,-97.2857248,325.96,1747704872.00,NaN,NaN,NaN,NaN,NaN,NaN,NaN,NaN
130,36.1476668,-97.2857255,324.39,1747704873.00,NaN,NaN,NaN,NaN,NaN,NaN,NaN,NaN
131,36.1476672,-97.2857261,322.88,1747704874.00,NaN,NaN,NaN,NaN,NaN,NaN,NaN,NaN
132,36.1476686,-97.2857255,321.27,1747704875.00,NaN,NaN,NaN,NaN,NaN,NaN,NaN,NaN
133,36.1476688,-97.2857253,319.95,1747704876.00,NaN,NaN,NaN,NaN,NaN,NaN,NaN,NaN
134,36.1476685,-97.2857251,318.59,1747704877.00,NaN,NaN,NaN,NaN,NaN,NaN,NaN,NaN
135,36.1476681,-97.2857254,317.11,1747704878.00,NaN,NaN,NaN,NaN,NaN,NaN,NaN,NaN
136,36.1476679,-97.2857257,315.72,1747704879.00,NaN,NaN,NaN,NaN,NaN,NaN,NaN,NaN
137,36.1476678,-97.2857258,314.33,1747704880.00,NaN,NaN,NaN,NaN,NaN,NaN,NaN,NaN
138,36.1476681,-97.2857257,312.94,1747704881.00,NaN,NaN,NaN,NaN,NaN,NaN,NaN,NaN
139,36.1476685,-97.2857253,311.46,1747704882.00,NaN,NaN,NaN,NaN,NaN,NaN,NaN,NaN
140,36.1476683,-97.2857244,309.85,1747704883.00,NaN,NaN,NaN,NaN,NaN,NaN,NaN,NaN
141,36.1476677,-97.2857235,308.28,1747704884.00,NaN,NaN,NaN,NaN,NaN,NaN,NaN,NaN
142,36.1476676,-97.2857247,306.51,1747704885.00,NaN,NaN,NaN,NaN,NaN,NaN,NaN,NaN
143,36.1476680,-97.2857257,304.88,1747704886.00,NaN,NaN,NaN,NaN,NaN,NaN,NaN,NaN
144,36.1476679,-97.2857262,303.19,1747704887.00,NaN,NaN,NaN,NaN,NaN,NaN,NaN,NaN
145,36.1476679,-97.2857261,301.66,1747704888.00,NaN,NaN,NaN,NaN,NaN,NaN,NaN,NaN
146,36.1476684,-97.2857261,300.02,1747704889.00,NaN,NaN,NaN,NaN,NaN,NaN,NaN,NaN
147,36.1476682,-97.2857260,299.09,1747704890.00,NaN,NaN,NaN,NaN,NaN,NaN,NaN,NaN
148,36.1476683,-97.2857264,299.45,1747704891.00,NaN,NaN,NaN,NaN,NaN,NaN,NaN,NaN
149,36.1476681,-97.2857268,299.51,1747704892.00,NaN,NaN,NaN,NaN,NaN,NaN,NaN,NaN
150,36.1476677,-97.2857271,299.31,1747704893.00,NaN,NaN,NaN,NaN,NaN,NaN,NaN,NaN
151,36.1476677,-97.2857270,298.41,1747704894.00,NaN,NaN,NaN,NaN,NaN,NaN,NaN,NaN
152,36.1476676,-97.2857269,297.39,1747704895.00,NaN,NaN,NaN,NaN,NaN,NaN,NaN,NaN
153,36.1476673,-97.2857259,296.09,1747704896.00,NaN,NaN,NaN,NaN,NaN,NaN,NaN,NaN
154,36.1476674,-97.2857263,294.64,1747704897.00,NaN,NaN,NaN,NaN,NaN,NaN,NaN,NaN
155,36.1476680,-97.2857262,293.49,1747704898.00,NaN,NaN,NaN,NaN,NaN,NaN,NaN,NaN
156,36.1476669,-97.2857271,292.33,1747704899.00,NaN,NaN,NaN,NaN,NaN,NaN,NaN,NaN
157,36.1476660,-97.2857261,291.71,1747704900.00,NaN,NaN,NaN,NaN,NaN,NaN,NaN,NaN
158,36.1476665,-97.2857262,290.81,1747704901.00,NaN,NaN,NaN,NaN,NaN,NaN,NaN,NaN
159,36.1476667,-97.2857276,290.61,1747704902.00,NaN,NaN,NaN,NaN,NaN,NaN,NaN,NaN
160,36.1476675,-97.2857277,290.12,1747704903.00,NaN,NaN,NaN,NaN,NaN,NaN,NaN,NaN
161,36.1476677,-97.2857274,289.76,1747704904.00,NaN,NaN,NaN,NaN,NaN,NaN,NaN,NaN
162,36.1476680,-97.2857271,289.89,1747704905.00,NaN,NaN,NaN,NaN,NaN,NaN,NaN,NaN
163,36.1476680,-97.2857271,289.99,1747704906.00,NaN,NaN,NaN,NaN,NaN,NaN,NaN,NaN
164,36.1476680,-97.2857269,290.06,1747704907.00,NaN,NaN,NaN,NaN,NaN,NaN,NaN,NaN
165,36.1476682,-97.2857269,290.13,1747704908.00,NaN,NaN,NaN,NaN,NaN,NaN,NaN,NaN
166,36.1476682,-97.2857268,290.17,1747704909.00,NaN,NaN,NaN,NaN,NaN,NaN,NaN,NaN
167,36.1476683,-97.2857265,290.22,1747704910.00,NaN,NaN,NaN,NaN,NaN,NaN,NaN,NaN
168,36.1476685,-97.2857264,290.26,1747704911.00,NaN,NaN,NaN,NaN,NaN,NaN,NaN,NaN
169,36.1476688,-97.2857264,290.28,1747704912.00,NaN,NaN,NaN,NaN,NaN,NaN,NaN,NaN
170,36.1476689,-97.2857267,290.30,1747704913.00,NaN,NaN,NaN,NaN,NaN,NaN,NaN,NaN
171,36.1476691,-97.2857268,290.34,1747704914.00,NaN,NaN,NaN,NaN,NaN,NaN,NaN,NaN
172,36.1476694,-97.2857269,290.40,1747704915.00,NaN,NaN,NaN,NaN,NaN,NaN,NaN,NaN
173,36.1476695,-97.2857270,290.47,1747704916.00,NaN,NaN,NaN,NaN,NaN,NaN,NaN,NaN
174,36.1476696,-97.2857270,290.52,1747704917.00,NaN,NaN,NaN,NaN,NaN,NaN,NaN,NaN
175,36.1476698,-97.2857272,290.62,1747704918.00,NaN,NaN,NaN,NaN,NaN,NaN,NaN,NaN
176,36.1476700,-97.2857273,290.65,1747704919.00,NaN,NaN,NaN,NaN,NaN,NaN,NaN,NaN
177,36.1476701,-97.2857274,290.69,1747704920.00,NaN,NaN,NaN,NaN,NaN,NaN,NaN,NaN
178,36.1476700,-97.2857274,290.73,1747704921.00,NaN,NaN,NaN,NaN,NaN,NaN,NaN,NaN
179,36.1476701,-97.2857275,290.74,1747704922.00,NaN,NaN,NaN,NaN,NaN,NaN,NaN,NaN
